image: cb4_hall.pgm
resolution: 0.015000
origin: [-7.687499, -7.687499, 0.000000]
negate: 0
occupied_thresh: 0.65
free_thresh: 0.196

